381
1 7 -35 35 0
1 7 35 35 0
1 7 105 35 0
1 7 175 35 0
1 7 245 35 0
1 7 315 35 0
1 7 385 35 0
1 7 455 35 0
1 7 525 35 0
1 7 595 35 0
1 7 665 35 0
1 7 735 35 0
1 7 805 35 0
1 7 875 35 0
1 7 945 35 0
1 7 1015 35 0
1 7 1085 35 0
1 7 1155 35 0
1 7 1225 35 0
1 7 1295 35 0
1 7 1365 35 0
1 7 1435 35 0
1 7 1505 35 0
1 7 1575 35 0
1 7 1645 35 0
1 7 1715 35 0
1 7 1785 35 0
1 7 1855 35 0
1 7 1925 35 0
1 7 1995 35 0
1 7 2065 35 0
1 7 2135 35 0
1 7 2205 35 0
1 7 2275 35 0
1 7 2345 35 0
1 7 2415 35 0
1 7 2485 35 0
1 7 2555 35 0
1 7 2625 35 0
1 7 2695 35 0
1 7 2765 35 0
1 7 2835 35 0
1 7 2905 35 0
1 7 2975 35 0
1 7 3045 35 0
1 7 3115 35 0
1 7 3185 35 0
1 7 3255 35 0
1 7 3325 35 0
1 7 3395 35 0
1 7 3465 35 0
1 7 3535 35 0
1 7 3605 35 0
1 7 3675 35 0
1 7 3745 35 0
1 7 3815 35 0
3 8 2287 1004 0
4 8 108 1384 0
6 8 179 1765 0
7 8 3692 706 0
1 8 2663 1627 0
4 8 1964 964 0
5 8 2669 944 0
8 8 1190 1503 0
2 8 3051 1920 0
9 8 936 1746 0
2 8 575 1581 0
2 8 2943 1993 0
0 8 375 1074 0
1 8 2384 1909 0
3 8 2926 1754 0
5 8 1955 1949 0
1 8 303 1350 0
4 8 1308 775 0
7 8 2933 1059 0
8 8 618 1044 0
9 8 3740 1209 0
1 8 1535 745 0
2 8 1537 1896 0
9 8 365 1807 0
6 8 2104 1034 0
5 8 969 1889 0
1 8 1061 1497 0
9 8 546 1367 0
7 8 2155 1166 0
9 8 1190 1379 0
4 8 2883 1167 0
4 8 3455 1956 0
2 8 1894 729 0
4 8 2826 1171 0
7 8 2413 1352 0
8 8 3976 1172 0
3 8 3204 1691 0
9 8 280 1946 0
7 8 3233 1368 0
7 8 2213 1209 0
4 8 3681 810 0
2 8 2334 958 0
6 8 1880 1868 0
5 8 3633 1991 0
9 8 955 1757 0
4 8 2673 932 0
8 8 3176 1801 0
3 8 1419 1532 0
6 8 3890 1936 0
6 8 2348 1464 0
1 8 886 729 0
1 8 800 1600 0
6 8 1224 1542 0
1 8 1464 1904 0
4 8 2240 1630 0
5 8 2964 1617 0
1 8 3433 1252 0
9 8 2231 953 0
4 8 47 1341 0
4 8 2623 774 0
1 8 3055 1551 0
7 8 2937 1791 0
7 8 2915 1554 0
5 8 707 1503 0
1 8 354 1496 0
5 8 477 1292 0
0 8 1503 1138 0
2 8 511 1177 0
4 8 1536 968 0
4 8 219 1514 0
3 8 2678 1526 0
8 8 3881 972 0
1 8 39 1900 0
1 8 635 756 0
7 8 1689 833 0
6 8 1919 1243 0
1 8 3329 1279 0
8 8 600 1791 0
2 8 2239 1123 0
4 8 3726 1995 0
5 8 2684 1144 0
1 8 3591 1370 0
2 8 808 1480 0
0 8 3358 710 0
4 8 530 1949 0
8 8 436 1482 0
2 8 975 805 0
5 8 3249 1319 0
0 8 1685 1803 0
2 8 3697 1613 0
3 8 1023 1073 0
1 8 3655 1351 0
6 8 366 1765 0
2 8 2749 1127 0
4 8 2278 733 0
3 8 3693 1171 0
5 8 1997 710 0
4 8 3234 1988 0
4 8 1381 1602 0
6 8 2563 1201 0
0 8 2701 1544 0
3 8 740 1772 0
9 8 3584 932 0
2 8 3402 1310 0
7 8 2483 788 0
5 8 637 1436 0
9 8 3260 1739 0
7 8 2028 1819 0
9 8 749 1521 0
2 8 414 1311 0
9 8 986 1601 0
4 8 521 1349 0
0 8 2726 1511 0
8 8 2849 1803 0
0 8 164 1111 0
6 8 3971 798 0
1 8 3327 1501 0
5 8 3886 1879 0
3 8 1127 1945 0
4 8 584 1166 0
5 8 3722 1190 0
3 8 2693 1124 0
0 8 1078 1083 0
2 8 568 1141 0
5 8 3520 743 0
4 8 1241 1506 0
5 8 2108 724 0
4 8 898 1343 0
8 8 54 1745 0
5 8 3592 1867 0
7 8 1975 1962 0
5 8 363 741 0
9 8 703 1375 0
1 8 479 1862 0
0 8 3694 1190 0
8 8 226 945 0
0 8 2972 1370 0
0 8 1248 1803 0
9 8 2950 1101 0
4 8 3381 792 0
2 8 2248 1673 0
5 8 837 742 0
4 8 3563 1113 0
9 8 3088 1867 0
8 8 941 781 0
2 8 3815 1718 0
0 8 1746 896 0
6 8 3860 1278 0
4 8 1074 799 0
2 8 1492 1496 0
4 8 3931 1153 0
8 8 3293 1520 0
8 8 1681 1322 0
8 8 1792 837 0
1 8 279 1340 0
8 8 805 1350 0
9 8 2395 1310 0
4 8 328 1769 0
4 8 427 954 0
4 8 52 812 0
6 8 203 1169 0
0 8 3584 773 0
8 8 1684 1353 0
6 8 2206 1381 0
2 8 3413 1915 0
8 8 3557 1109 0
2 8 3541 1740 0
4 8 474 1423 0
5 8 1335 709 0
7 8 675 1891 0
6 8 2945 826 0
6 8 3585 1298 0
6 8 2280 1443 0
8 8 3119 1600 0
7 8 2706 1209 0
3 8 3075 874 0
0 8 588 1358 0
0 8 303 917 0
6 8 3242 1628 0
2 8 193 1425 0
7 8 922 1688 0
4 8 2327 969 0
7 8 2659 1010 0
3 8 1858 1544 0
0 8 608 1321 0
1 8 2919 716 0
1 8 2698 808 0
8 8 1679 965 0
2 8 2639 1973 0
5 8 629 1503 0
9 8 1738 1860 0
8 8 473 1585 0
2 8 8 926 0
3 8 1252 1059 0
0 8 1379 896 0
4 8 3451 1882 0
8 8 417 712 0
1 8 788 1670 0
8 8 984 934 0
3 8 707 1419 0
4 8 2551 1250 0
3 8 1038 1511 0
8 8 1487 1073 0
1 8 685 889 0
9 8 469 758 0
5 8 2158 1714 0
8 8 1736 1199 0
6 8 2936 1652 0
4 8 635 1452 0
0 8 2919 1096 0
2 8 2285 1283 0
7 8 500 1432 0
0 8 3515 1522 0
9 8 2645 1825 0
6 8 2911 1808 0
7 8 2101 1647 0
1 8 412 1944 0
3 8 301 1640 0
4 8 1086 963 0
0 8 1075 772 0
1 8 1958 909 0
8 8 918 1656 0
3 8 2577 1354 0
6 8 3626 1674 0
1 8 673 731 0
9 8 1484 1064 0
9 8 2001 1175 0
8 8 1187 933 0
4 8 2636 2000 0
3 8 1628 1549 0
7 8 2326 768 0
5 8 2824 1356 0
3 8 2634 924 0
1 8 3233 1533 0
4 8 1644 1503 0
0 8 2437 846 0
8 8 3157 1016 0
9 8 888 1557 0
3 8 1302 898 0
1 8 208 1012 0
4 8 448 1333 0
9 8 376 1686 0
5 8 3396 1607 0
6 8 3466 768 0
7 8 2118 855 0
2 8 3032 1378 0
5 8 3199 1392 0
9 8 3480 986 0
4 8 1720 1275 0
4 8 981 1881 0
5 8 331 1511 0
3 8 727 1488 0
8 8 363 1689 0
7 8 1592 1097 0
8 8 1536 1672 0
3 8 1187 1405 0
3 8 2684 1405 0
3 8 672 1727 0
7 8 2826 1511 0
5 8 1261 901 0
9 8 1343 1453 0
3 8 1044 1438 0
8 8 2669 1935 0
6 8 317 1276 0
9 8 1781 1571 0
2 8 1004 1280 0
5 8 3580 1858 0
5 8 3871 1023 0
9 8 3026 1009 0
4 8 3760 1082 0
6 8 3740 1277 0
6 8 2132 985 0
8 8 2282 1091 0
4 8 2327 1692 0
3 8 1604 1773 0
5 8 1480 1328 0
1 8 150 849 0
9 8 3324 1615 0
6 8 3816 1191 0
0 8 2393 1503 0
9 8 1412 1435 0
0 8 410 1071 0
6 8 704 1503 0
6 8 514 764 0
5 8 2196 1293 0
7 8 3576 1375 0
6 8 332 1343 0
6 8 952 1257 0
1 8 1194 1776 0
0 8 3599 1157 0
4 8 2650 1016 0
7 8 386 1485 0
4 8 428 1639 0
0 8 360 985 0
2 8 2113 1926 0
8 8 1067 809 0
2 8 3394 1685 0
9 8 2757 1313 0
4 8 2952 1294 0
4 8 2944 1679 0
8 6 665 105 0
8 6 1260 105 0
8 6 3360 105 0
8 6 2835 105 0
8 6 2170 105 0
5 7 980 105 0
5 7 2520 105 0
5 7 3115 105 0
7 7 3745 105 0
8 7 1155 105 0
5 6 350 630 0
5 6 350 595 0
5 6 350 560 0
5 6 350 525 0
5 6 350 490 0
5 6 385 490 0
5 6 420 490 0
5 6 595 630 0
5 6 630 630 0
5 6 630 595 0
5 6 630 560 0
5 6 630 525 0
5 6 595 490 0
5 6 630 490 0
5 6 665 490 0
