458
3 7 -35 35 0
3 7 35 35 0
3 7 105 35 0
3 7 175 35 0
3 7 245 35 0
3 7 315 35 0
3 7 385 35 0
3 7 455 35 0
3 7 525 35 0
3 7 595 35 0
3 7 665 35 0
3 7 735 35 0
3 7 805 35 0
3 7 875 35 0
3 7 945 35 0
3 7 1015 35 0
3 7 1085 35 0
3 7 1155 35 0
3 7 1225 35 0
3 7 1295 35 0
3 7 1365 35 0
3 7 1435 35 0
3 7 1505 35 0
3 7 1575 35 0
3 7 1645 35 0
3 7 1715 35 0
3 7 1785 35 0
3 7 1855 35 0
3 7 1925 35 0
3 7 1995 35 0
3 7 2065 35 0
3 7 2135 35 0
3 7 2205 35 0
3 7 2275 35 0
3 7 2345 35 0
3 7 2415 35 0
3 7 2485 35 0
3 7 2555 35 0
3 7 2625 35 0
3 7 2695 35 0
3 7 2765 35 0
3 7 2835 35 0
3 7 2905 35 0
3 7 2975 35 0
3 7 3045 35 0
3 7 3115 35 0
3 7 3185 35 0
3 7 3255 35 0
3 7 3325 35 0
3 7 3395 35 0
3 7 3465 35 0
3 7 3535 35 0
3 7 3605 35 0
3 7 3675 35 0
3 7 3745 35 0
3 7 3815 35 0
2 8 3539 1587 0
9 8 3749 1101 0
5 8 2247 1934 0
8 8 1073 1866 0
8 8 160 759 0
1 8 325 1491 0
3 8 2185 1044 0
0 8 938 1381 0
7 8 435 1351 0
3 8 1254 1053 0
6 8 1503 1377 0
5 8 232 1953 0
5 8 1681 952 0
4 8 2293 1706 0
3 8 3300 1087 0
5 8 2575 795 0
2 8 3071 719 0
3 8 594 827 0
6 8 786 1140 0
8 8 631 1599 0
8 8 2460 734 0
9 8 2167 1279 0
6 8 3542 1784 0
2 8 2993 1614 0
0 8 3113 1017 0
3 8 2587 1612 0
3 8 1126 1325 0
7 8 910 1534 0
7 8 107 1977 0
6 8 1192 802 0
0 8 1040 1190 0
3 8 437 1086 0
2 8 2226 1844 0
0 8 977 871 0
5 8 2207 1992 0
4 8 493 1968 0
4 8 2900 1644 0
0 8 3268 1649 0
1 8 1634 1316 0
2 8 1785 1354 0
3 8 2554 829 0
8 8 41 1442 0
6 8 3374 969 0
1 8 1412 1542 0
3 8 2538 947 0
1 8 2140 929 0
9 8 336 1609 0
7 8 3518 1622 0
1 8 1606 815 0
0 8 1977 773 0
1 8 3632 1556 0
3 8 2352 1689 0
7 8 2438 1952 0
9 8 1152 906 0
5 8 3203 1797 0
9 8 3011 1799 0
4 8 37 1655 0
8 8 2097 1113 0
0 8 1911 1398 0
4 8 3419 1077 0
2 8 3295 866 0
4 8 1628 1842 0
8 8 3310 1825 0
2 8 1622 1986 0
5 8 1432 1556 0
1 8 1412 1787 0
0 8 2233 1534 0
6 8 2712 1812 0
5 8 372 1121 0
6 8 3880 1442 0
0 8 3467 1653 0
3 8 1446 1946 0
2 8 3283 1500 0
6 8 1805 842 0
3 8 2531 1824 0
8 8 2050 1227 0
4 8 155 787 0
0 8 3617 1235 0
2 8 718 1145 0
0 8 3101 893 0
1 8 1799 1931 0
4 8 1767 1679 0
0 8 1868 1263 0
4 8 3919 799 0
4 8 1955 1955 0
6 8 2629 1502 0
9 8 3536 778 0
0 8 916 1781 0
8 8 471 825 0
3 8 3792 729 0
2 8 1900 1551 0
7 8 2500 731 0
1 8 347 1923 0
9 8 354 1952 0
5 8 2508 1851 0
9 8 1397 1312 0
3 8 2891 1161 0
0 8 3829 1302 0
6 8 462 1964 0
6 8 3269 714 0
1 8 768 1376 0
6 8 804 1556 0
5 8 3774 1055 0
2 8 3496 1523 0
9 8 1554 1146 0
4 8 1951 1189 0
7 8 2127 1992 0
6 8 1003 1734 0
0 8 1790 893 0
7 8 1277 1321 0
0 8 1837 1771 0
6 8 1956 1213 0
5 8 3666 1919 0
9 8 45 756 0
2 8 1617 992 0
2 8 1952 1857 0
1 8 185 775 0
9 8 1982 1629 0
9 8 1319 738 0
9 8 2248 712 0
8 8 1191 1359 0
4 8 1887 1597 0
1 8 2204 1481 0
3 8 3406 1892 0
1 8 2276 1741 0
7 8 3604 1222 0
5 8 2289 1341 0
4 8 1643 952 0
5 8 3054 792 0
5 8 3867 1471 0
4 8 3232 1000 0
8 8 3814 1861 0
7 8 2748 1418 0
8 8 250 981 0
0 8 229 1636 0
7 8 1995 1891 0
9 8 2059 1510 0
5 8 2288 1218 0
2 8 3444 817 0
4 8 3685 1931 0
5 8 3833 1516 0
9 8 3855 1010 0
4 8 2113 984 0
0 8 2869 956 0
6 8 790 1373 0
2 8 1353 1084 0
1 8 118 1892 0
1 8 3662 1362 0
1 8 2832 1832 0
2 8 1743 1508 0
3 8 856 1206 0
2 8 2676 1767 0
6 8 3751 1978 0
0 8 1583 829 0
3 8 35 1542 0
6 8 1218 818 0
3 8 1991 1491 0
3 8 1947 969 0
5 8 352 1417 0
8 8 2621 1308 0
7 8 1180 1984 0
4 8 2106 766 0
4 8 575 1991 0
8 8 3680 971 0
3 8 1664 1191 0
8 8 1285 1638 0
7 8 3138 1022 0
4 8 1140 858 0
3 8 353 921 0
4 8 2289 936 0
3 8 3971 993 0
6 8 3025 1941 0
5 8 1019 863 0
1 8 2304 1369 0
8 8 3830 1126 0
9 8 2099 1585 0
8 8 2645 880 0
0 8 1717 1947 0
0 8 2705 1303 0
5 8 377 1231 0
4 8 1442 1514 0
9 8 325 1441 0
9 8 1074 1622 0
8 8 2074 1847 0
2 8 945 1539 0
4 8 376 1427 0
6 8 2606 1464 0
8 8 3307 1994 0
4 8 2473 975 0
4 8 1741 1875 0
2 8 2740 1276 0
2 8 2909 1545 0
1 8 1991 1870 0
1 8 1779 925 0
2 8 3983 1167 0
0 8 2623 1187 0
2 8 2823 1615 0
5 8 2245 1898 0
9 8 3320 1312 0
5 8 795 1201 0
7 8 1458 1410 0
3 8 2197 1317 0
6 8 1561 1681 0
0 8 3652 1221 0
0 8 1870 973 0
1 8 2026 1705 0
4 8 2961 1959 0
5 8 819 1050 0
6 8 1935 1923 0
3 8 598 1485 0
4 8 3689 1614 0
7 8 2044 1146 0
7 8 2472 1528 0
4 8 2269 1541 0
4 8 499 1148 0
0 8 905 1582 0
1 8 3860 928 0
7 8 357 793 0
9 8 3116 1217 0
9 8 814 934 0
2 8 3343 1414 0
2 8 2044 1754 0
5 8 3822 1831 0
9 8 2738 751 0
9 8 1147 1333 0
1 8 2166 1260 0
5 8 160 785 0
4 8 3563 986 0
3 8 196 820 0
0 8 603 1685 0
3 8 3818 1787 0
6 8 1801 1967 0
3 8 2422 1533 0
7 8 1606 1464 0
0 8 2452 1414 0
4 8 2985 864 0
8 8 3635 1592 0
2 8 1213 1235 0
7 8 2077 711 0
4 8 1173 790 0
3 8 2103 1477 0
2 8 3526 908 0
3 8 673 934 0
6 8 2846 1355 0
6 8 3053 1121 0
2 8 672 1305 0
0 8 3398 855 0
9 8 969 1407 0
2 8 1131 842 0
1 8 2995 1131 0
7 8 2267 857 0
4 8 2350 885 0
3 8 1318 937 0
1 8 2182 1481 0
4 8 3946 1215 0
9 8 782 1113 0
6 8 2717 1588 0
8 8 2074 1308 0
0 8 2509 1346 0
3 8 748 935 0
6 8 2475 1250 0
1 8 1843 1847 0
7 8 106 851 0
0 8 97 916 0
5 8 3606 1325 0
3 8 481 1565 0
8 8 55 1075 0
1 8 3466 1051 0
4 8 185 1004 0
6 8 126 1825 0
9 8 3464 1652 0
1 8 489 1689 0
5 8 3786 1359 0
0 8 126 1868 0
7 8 341 1646 0
1 8 3169 1094 0
6 8 1750 1699 0
3 8 3787 1325 0
4 8 26 1133 0
0 8 1123 845 0
5 8 3502 986 0
0 8 2535 1566 0
7 8 3327 1877 0
5 8 3745 815 0
9 8 2039 1672 0
5 8 1574 1609 0
7 8 517 1339 0
6 8 376 730 0
8 8 1933 1535 0
2 8 3477 1998 0
9 8 3044 1325 0
3 8 2903 1302 0
4 8 3110 1491 0
5 8 2960 1999 0
5 8 1140 1965 0
8 8 1893 1365 0
6 8 658 1171 0
6 8 3280 1713 0
7 8 3062 1737 0
9 8 2724 1156 0
5 7 595 105 360
5 7 1050 105 360
5 7 1505 105 360
4 7 350 105 360
4 7 665 105 360
4 7 700 105 360
4 7 1715 105 360
8 7 1855 105 360
7 7 3780 105 360
6 7 2030 105 360
7 6 455 805 360
7 6 455 770 360
7 6 455 735 360
7 6 455 700 360
7 6 455 665 360
7 6 455 630 360
7 6 490 630 360
7 6 525 630 360
7 6 560 630 360
7 6 630 805 360
7 6 630 770 360
7 6 630 735 360
7 6 630 700 360
7 6 630 665 360
7 6 630 630 360
7 6 665 630 360
7 6 700 630 360
7 6 735 630 360
7 6 665 735 360
7 6 700 735 360
7 6 665 805 360
7 6 700 805 360
7 6 735 805 360
7 6 805 805 360
7 6 805 770 360
7 6 805 735 360
7 6 805 700 360
7 6 875 630 360
7 6 840 665 360
7 6 910 665 360
7 6 945 700 360
7 6 945 735 360
7 6 945 770 360
7 6 945 805 360
7 6 1015 805 360
7 6 1015 770 360
7 6 1015 735 360
7 6 1015 700 360
7 6 1015 665 360
7 6 1015 630 360
7 6 1050 630 360
7 6 1085 630 360
7 6 1120 630 360
7 6 1050 735 360
7 6 1085 735 360
7 6 1050 805 360
7 6 1085 805 360
7 6 1120 805 360
7 6 1190 805 360
7 6 1190 770 360
7 6 1190 735 360
7 6 1190 700 360
7 6 1190 665 360
7 6 1190 630 360
7 6 1225 630 360
7 6 1260 630 360
7 6 1295 630 360
6 6 1575 805 360
6 6 1575 770 360
6 6 1575 735 360
6 6 1575 700 360
6 6 1575 665 360
6 6 1575 630 360
6 6 1540 630 360
6 6 1610 630 360
6 6 1645 630 360
6 6 1505 630 360
6 6 1540 805 360
1 6 1120 385 360
1 6 1190 385 360
1 6 1260 385 360
1 6 1330 385 360
1 6 1400 385 360
1 6 1470 385 360
1 6 1540 385 360
1 6 1610 385 360
1 6 1680 385 360
1 6 1750 385 360
1 6 1750 490 360
1 6 1785 455 360
1 6 1820 420 360
1 6 1820 350 360
1 6 1785 315 360
1 6 1750 280 360
1 6 2975 1190 360
1 6 2975 1120 360
1 6 2975 1050 360
1 6 2975 980 360
1 6 2905 1015 360
1 6 3045 1015 360
1 6 3080 1050 360
1 6 2870 1050 360
