356
2 7 -35 35 0
2 7 35 35 0
2 7 105 35 0
2 7 175 35 0
2 7 245 35 0
2 7 315 35 0
2 7 385 35 0
2 7 455 35 0
2 7 525 35 0
2 7 595 35 0
2 7 665 35 0
2 7 735 35 0
2 7 805 35 0
2 7 875 35 0
2 7 945 35 0
2 7 1015 35 0
2 7 1085 35 0
2 7 1155 35 0
2 7 1225 35 0
2 7 1295 35 0
2 7 1365 35 0
2 7 1435 35 0
2 7 1505 35 0
2 7 1575 35 0
2 7 1645 35 0
2 7 1715 35 0
2 7 1785 35 0
2 7 1855 35 0
2 7 1925 35 0
2 7 1995 35 0
2 7 2065 35 0
2 7 2135 35 0
2 7 2205 35 0
2 7 2275 35 0
2 7 2345 35 0
2 7 2415 35 0
2 7 2485 35 0
2 7 2555 35 0
2 7 2625 35 0
2 7 2695 35 0
2 7 2765 35 0
2 7 2835 35 0
2 7 2905 35 0
2 7 2975 35 0
2 7 3045 35 0
2 7 3115 35 0
2 7 3185 35 0
2 7 3255 35 0
2 7 3325 35 0
2 7 3395 35 0
2 7 3465 35 0
2 7 3535 35 0
2 7 3605 35 0
2 7 3675 35 0
2 7 3745 35 0
2 7 3815 35 0
2 8 2391 1287 0
4 8 3338 1819 0
5 8 3478 957 0
5 8 3139 739 0
6 8 3177 1640 0
9 8 3130 1629 0
6 8 1816 1711 0
3 8 844 1469 0
6 8 3499 881 0
0 8 918 1706 0
9 8 2180 741 0
6 8 3927 1254 0
3 8 2598 1096 0
4 8 751 1101 0
0 8 3080 1855 0
5 8 1513 1812 0
2 8 3645 808 0
0 8 3366 1771 0
6 8 478 1850 0
4 8 2911 1883 0
1 8 2855 886 0
2 8 721 1688 0
2 8 1533 1974 0
5 8 1351 1885 0
9 8 3494 1773 0
9 8 1246 972 0
8 8 1698 1003 0
9 8 3447 1300 0
3 8 3957 1781 0
0 8 207 909 0
4 8 3830 1093 0
7 8 225 729 0
1 8 464 1057 0
1 8 3700 1889 0
5 8 1272 1467 0
1 8 3974 1797 0
7 8 2316 1140 0
7 8 1618 847 0
4 8 1563 1785 0
8 8 3221 810 0
5 8 3320 1397 0
3 8 2065 806 0
5 8 3982 948 0
1 8 2289 1408 0
6 8 2629 962 0
4 8 1704 1001 0
5 8 2607 858 0
2 8 1626 1320 0
0 8 2362 1310 0
5 8 216 1931 0
8 8 3106 787 0
8 8 59 1881 0
1 8 40 1021 0
3 8 3390 992 0
8 8 1869 1529 0
5 8 3920 1379 0
8 8 2393 1392 0
4 8 2439 1925 0
9 8 2069 1009 0
9 8 1048 1193 0
6 8 86 738 0
3 8 2790 1226 0
0 8 2683 1584 0
3 8 2167 765 0
9 8 1564 1774 0
1 8 2389 1705 0
5 8 1589 707 0
5 8 2518 1305 0
0 8 1167 785 0
3 8 2903 1833 0
8 8 2766 720 0
4 8 1241 839 0
8 8 3495 1570 0
5 8 2423 1960 0
3 8 2791 1856 0
8 8 2764 1658 0
4 8 2406 1434 0
2 8 3849 904 0
8 8 1420 1061 0
6 8 1838 1783 0
6 8 214 1114 0
8 8 2900 1506 0
6 8 1263 1691 0
7 8 1415 1368 0
0 8 231 1736 0
7 8 898 1089 0
9 8 1161 1087 0
0 8 2837 991 0
4 8 1718 1061 0
0 8 1097 1485 0
8 8 449 1467 0
3 8 1733 1153 0
6 8 513 853 0
4 8 73 866 0
6 8 281 1674 0
3 8 3042 1294 0
0 8 900 1117 0
1 8 2656 1378 0
6 8 525 923 0
5 8 2321 790 0
4 8 2829 917 0
3 8 2414 1395 0
7 8 2304 1633 0
0 8 3135 1803 0
8 8 3662 850 0
2 8 3700 1481 0
4 8 3510 1094 0
7 8 1896 1974 0
2 8 3852 1547 0
5 8 1511 703 0
2 8 1183 1925 0
1 8 252 1373 0
3 8 3017 1419 0
5 8 1205 1863 0
1 8 17 1700 0
5 8 3062 1575 0
6 8 1235 1808 0
7 8 3160 1508 0
8 8 385 1779 0
1 8 653 1163 0
7 8 2087 1070 0
4 8 2173 1603 0
6 8 808 1776 0
4 8 27 1214 0
5 8 3661 1170 0
4 8 3316 1996 0
5 8 680 1165 0
4 8 2156 989 0
6 8 2488 1540 0
2 8 1567 1829 0
3 8 2188 1892 0
7 8 1576 1059 0
2 8 1689 1290 0
0 8 3091 945 0
0 8 332 1504 0
6 8 3568 1883 0
5 8 1014 1094 0
1 8 1635 1982 0
5 8 1927 859 0
4 8 1271 1742 0
0 8 3784 1258 0
2 8 3075 1120 0
2 8 293 1016 0
4 8 2708 1248 0
3 8 2231 783 0
1 8 1829 745 0
4 8 198 1388 0
5 8 3555 1625 0
7 8 1655 1070 0
4 8 758 1022 0
3 8 1064 1873 0
6 8 3522 1000 0
7 8 3630 1297 0
3 8 2042 1746 0
3 8 201 1237 0
2 8 2771 1198 0
0 8 2941 862 0
3 8 1251 1894 0
0 8 3013 1033 0
4 8 731 1611 0
1 8 2872 1384 0
7 8 2498 1185 0
3 8 1067 891 0
4 8 386 1741 0
0 8 1177 888 0
5 8 2925 924 0
1 8 3935 1506 0
6 8 3313 849 0
9 8 1703 1366 0
6 8 2086 769 0
2 8 3910 1013 0
9 8 454 1800 0
3 8 1803 1108 0
3 8 3315 1757 0
4 8 670 1798 0
2 8 490 728 0
8 8 3079 1629 0
0 8 405 1150 0
9 8 657 1291 0
1 8 1800 1964 0
9 8 664 870 0
7 8 290 809 0
6 8 1320 1124 0
2 8 2006 723 0
9 8 651 1697 0
8 8 2159 1924 0
0 8 3568 1804 0
5 8 1366 1796 0
6 8 2710 846 0
4 8 2231 1347 0
4 8 1887 1820 0
9 8 1273 1191 0
6 8 962 1940 0
4 8 2640 874 0
8 8 114 1537 0
2 8 1479 1247 0
7 8 1326 1934 0
5 8 2447 827 0
9 8 29 839 0
2 8 3025 1542 0
6 8 2930 1639 0
7 8 2760 1451 0
6 8 1018 1238 0
9 8 3550 1668 0
9 8 416 1493 0
3 8 829 749 0
7 8 2937 1710 0
7 8 1057 1950 0
1 8 549 1459 0
7 8 1613 1999 0
1 8 3222 1897 0
5 8 251 1158 0
9 8 2170 903 0
7 8 3635 1692 0
2 8 341 911 0
5 8 1725 1214 0
5 8 2453 1209 0
5 8 1143 1198 0
2 8 2631 1281 0
5 8 1168 1535 0
0 8 305 877 0
6 8 3835 1248 0
1 8 3426 1160 0
2 8 2165 1219 0
6 8 3368 1191 0
1 8 953 1156 0
1 8 153 807 0
1 8 586 1465 0
4 8 338 1894 0
4 8 2367 1226 0
8 8 3470 1023 0
0 8 692 1859 0
7 8 2911 1167 0
3 8 2924 1215 0
2 8 273 988 0
1 8 1592 1823 0
6 8 104 1222 0
3 8 1575 1425 0
0 8 1115 1687 0
2 8 1212 1353 0
2 8 343 1683 0
5 8 238 831 0
0 8 225 1220 0
9 8 3111 733 0
6 8 1124 905 0
6 8 522 1544 0
6 8 2474 1250 0
7 8 3673 1840 0
4 8 881 1902 0
9 8 1682 1862 0
9 8 2547 1161 0
7 8 2983 742 0
6 8 1621 1607 0
0 8 1542 1238 0
4 8 2741 1883 0
9 8 2135 897 0
5 8 291 1340 0
3 8 2517 1772 0
0 8 3680 1946 0
8 8 1342 1190 0
7 8 3706 950 0
8 8 526 1393 0
3 8 2618 1233 0
7 8 670 1672 0
2 8 1707 1180 0
4 8 2327 1364 0
7 8 2260 1121 0
5 8 2182 858 0
1 8 2740 1054 0
9 8 234 1810 0
0 8 3261 1436 0
6 8 1037 1114 0
6 8 3339 1860 0
9 8 1944 1395 0
5 8 1564 920 0
8 8 184 886 0
2 8 1386 1988 0
5 8 56 1281 0
9 8 579 1488 0
8 8 775 1309 0
5 8 1877 1149 0
8 8 2259 1256 0
6 8 1615 1650 0
1 8 1718 1940 0
4 8 2973 1566 0
5 8 2633 838 0
6 8 733 1576 0
4 8 1085 1076 0
5 8 78 1673 0
2 8 76 805 0
0 8 577 1686 0
1 8 184 1349 0
3 8 1708 948 0
3 8 2778 966 0
0 8 2818 1691 0
4 8 1138 1232 0
8 8 532 1350 0
5 8 1510 899 0
7 8 118 1850 0
5 8 2980 1983 0
